,modelname,method,cause,effect,tol,num_runs_param,max_iter_param,seed,tlearn,tinfer,remove_outliers,datasize,pns_low_exact,pns_upp_exact,pns_low,pns_upp,rrmse,rmse,nruns
0,random_mc2_n6_mid3_d1000_05_mr098_r10_44,EMCC,V3,V5,,100,25,1,8069.249629974365,188.1704330444336,False,1000,0.0558153164,0.3842657125,0.18068435963644788,0.28080100013855724,1.1453380592327704,0.11466739872959092,5
1,random_mc2_n6_mid3_d1000_05_mr098_r10_44,EMCC,V3,V5,,100,25,1,16140.161514282227,370.9545135498047,False,1000,0.0558153164,0.3842657125,0.05792382941147592,0.28080100013855724,0.32832339858558973,0.07317579016025605,10
