,modelname,method,cause,effect,tol,num_runs_param,max_iter_param,seed,tlearn,tinfer,remove_outliers,datasize,pns_low_exact,pns_upp_exact,pns_low,pns_upp,rrmse,rmse,nruns
0,random_mc2_n5_mid3_d1000_05_mr098_r10_125,GDCC_1e-05,V2,V4,1e-05,200,,0,156.53467178344727,22.225141525268555,True,1500,0.0,0.3332024784999999,0.25258849955431206,0.25258849955431206,inf,0.18748275081798124,1
1,random_mc2_n5_mid3_d1000_05_mr098_r10_125,GDCC_1e-05,V2,V4,1e-05,200,,0,325.76537132263184,41.05424880981445,True,1500,0.0,0.3332024784999999,0.1289019708147469,0.25258849955431206,0.8691670850114296,0.10750425963975024,2
2,random_mc2_n5_mid3_d1000_05_mr098_r10_125,GDCC_1e-05,V2,V4,1e-05,200,,0,490.01598358154297,61.04445457458496,True,1500,0.0,0.3332024784999999,0.11941204283189094,0.25258849955431206,0.7649776142597308,0.101877008139082,3
3,random_mc2_n5_mid3_d1000_05_mr098_r10_125,GDCC_1e-05,V2,V4,1e-05,200,,0,642.8980827331543,81.24756813049316,True,1500,0.0,0.3332024784999999,0.11941204283189094,0.2836650958992948,0.5565461769289006,0.09141440873356343,4
4,random_mc2_n5_mid3_d1000_05_mr098_r10_125,GDCC_1e-05,V2,V4,1e-05,200,,0,817.1370029449463,101.81975364685059,True,1500,0.0,0.3332024784999999,0.07937121904558929,0.2836650958992948,0.323837054311268,0.06615792729413293,5
5,random_mc2_n5_mid3_d1000_05_mr098_r10_125,GDCC_1e-05,V2,V4,1e-05,200,,0,976.1810302734375,122.21002578735352,True,1500,0.0,0.3332024784999999,0.07937121904558929,0.2836650958992948,0.323837054311268,0.06615792729413293,6
6,random_mc2_n5_mid3_d1000_05_mr098_r10_125,GDCC_1e-05,V2,V4,1e-05,200,,0,1149.2738723754883,142.67587661743164,True,1500,0.0,0.3332024784999999,0.05164035969869993,0.2836650958992948,0.21807932370155328,0.05059979755265703,7
7,random_mc2_n5_mid3_d1000_05_mr098_r10_125,GDCC_1e-05,V2,V4,1e-05,200,,0,1327.927827835083,162.80007362365723,True,1500,0.0,0.3332024784999999,0.05164035969869993,0.2836650958992948,0.21807932370155328,0.05059979755265703,8
8,random_mc2_n5_mid3_d1000_05_mr098_r10_125,GDCC_1e-05,V2,V4,1e-05,200,,0,1499.6168613433838,183.16221237182617,True,1500,0.0,0.3332024784999999,0.05164035969869993,0.2836650958992948,0.21807932370155328,0.05059979755265703,9
9,random_mc2_n5_mid3_d1000_05_mr098_r10_125,GDCC_1e-05,V2,V4,1e-05,200,,0,1678.666591644287,203.66215705871582,True,1500,0.0,0.3332024784999999,0.05164035969869993,0.2836650958992948,0.21807932370155328,0.05059979755265703,10
10,random_mc2_n5_mid3_d1000_05_mr098_r10_125,GDCC_1e-05,V2,V4,1e-05,200,,0,1863.4850978851318,222.91326522827148,True,1500,0.0,0.3332024784999999,0.05164035969869993,0.2836650958992948,0.21807932370155328,0.05059979755265703,11
11,random_mc2_n5_mid3_d1000_05_mr098_r10_125,GDCC_1e-05,V2,V4,1e-05,200,,0,2056.813955307007,244.2002296447754,True,1500,0.0,0.3332024784999999,0.05164035969869993,0.2836650958992948,0.21807932370155328,0.05059979755265703,12
12,random_mc2_n5_mid3_d1000_05_mr098_r10_125,GDCC_1e-05,V2,V4,1e-05,200,,0,2251.708507537842,264.6450996398926,True,1500,0.0,0.3332024784999999,0.05164035969869993,0.2836650958992948,0.21807932370155328,0.05059979755265703,13
13,random_mc2_n5_mid3_d1000_05_mr098_r10_125,GDCC_1e-05,V2,V4,1e-05,200,,0,2550.450086593628,283.7183475494385,True,1500,0.0,0.3332024784999999,0.04615563883181426,0.2836650958992948,0.20157672570389865,0.04787637867937341,14
14,random_mc2_n5_mid3_d1000_05_mr098_r10_125,GDCC_1e-05,V2,V4,1e-05,200,,0,2747.6160526275635,304.67677116394043,True,1500,0.0,0.3332024784999999,0.04615563883181426,0.2836650958992948,0.20157672570389865,0.04787637867937341,15
15,random_mc2_n5_mid3_d1000_05_mr098_r10_125,GDCC_1e-05,V2,V4,1e-05,200,,0,2935.023069381714,324.2056369781494,True,1500,0.0,0.3332024784999999,0.04615563883181426,0.2836650958992948,0.20157672570389865,0.04787637867937341,16
16,random_mc2_n5_mid3_d1000_05_mr098_r10_125,GDCC_1e-05,V2,V4,1e-05,200,,0,3124.324083328247,342.97704696655273,True,1500,0.0,0.3332024784999999,0.04615563883181426,0.2836650958992948,0.20157672570389865,0.04787637867937341,17
17,random_mc2_n5_mid3_d1000_05_mr098_r10_125,GDCC_1e-05,V2,V4,1e-05,200,,0,3318.920612335205,364.9625778198242,True,1500,0.0,0.3332024784999999,0.04615563883181426,0.2836650958992948,0.20157672570389865,0.04787637867937341,18
18,random_mc2_n5_mid3_d1000_05_mr098_r10_125,GDCC_1e-05,V2,V4,1e-05,200,,0,3519.2456245422363,385.6339454650879,True,1500,0.0,0.3332024784999999,0.04615563883181426,0.2836650958992948,0.20157672570389865,0.04787637867937341,19
19,random_mc2_n5_mid3_d1000_05_mr098_r10_125,GDCC_1e-05,V2,V4,1e-05,200,,0,3711.8756771087646,404.9232006072998,True,1500,0.0,0.3332024784999999,0.04615563883181426,0.2836650958992948,0.20157672570389865,0.04787637867937341,20
20,random_mc2_n5_mid3_d1000_05_mr098_r10_125,GDCC_1e-05,V2,V4,1e-05,200,,0,3909.3925952911377,426.29003524780273,True,1500,0.0,0.3332024784999999,0.04615563883181426,0.2836650958992948,0.20157672570389865,0.04787637867937341,21
21,random_mc2_n5_mid3_d1000_05_mr098_r10_125,GDCC_1e-05,V2,V4,1e-05,200,,0,4122.462511062622,446.5508460998535,True,1500,0.0,0.3332024784999999,0.04615563883181426,0.2836650958992948,0.20157672570389865,0.04787637867937341,22
22,random_mc2_n5_mid3_d1000_05_mr098_r10_125,GDCC_1e-05,V2,V4,1e-05,200,,0,4322.533369064331,470.69549560546875,True,1500,0.0,0.3332024784999999,0.04615563883181426,0.2836650958992948,0.20157672570389865,0.04787637867937341,23
23,random_mc2_n5_mid3_d1000_05_mr098_r10_125,GDCC_1e-05,V2,V4,1e-05,200,,0,4526.949882507324,485.8880043029785,True,1500,0.0,0.3332024784999999,0.04615563883181426,0.2836650958992948,0.20157672570389865,0.04787637867937341,24
24,random_mc2_n5_mid3_d1000_05_mr098_r10_125,GDCC_1e-05,V2,V4,1e-05,200,,0,4741.863489151001,506.84118270874023,True,1500,0.0,0.3332024784999999,0.04615563883181426,0.2836650958992948,0.20157672570389865,0.04787637867937341,25
25,random_mc2_n5_mid3_d1000_05_mr098_r10_125,GDCC_1e-05,V2,V4,1e-05,200,,0,4959.1734409332275,524.7578620910645,True,1500,0.0,0.3332024784999999,0.04615563883181426,0.2836650958992948,0.20157672570389865,0.04787637867937341,26
26,random_mc2_n5_mid3_d1000_05_mr098_r10_125,GDCC_1e-05,V2,V4,1e-05,200,,0,5170.243740081787,546.7801094055176,True,1500,0.0,0.3332024784999999,0.04615563883181426,0.2836650958992948,0.20157672570389865,0.04787637867937341,27
27,random_mc2_n5_mid3_d1000_05_mr098_r10_125,GDCC_1e-05,V2,V4,1e-05,200,,0,5385.1494789123535,569.4599151611328,True,1500,0.0,0.3332024784999999,0.04615563883181426,0.2836650958992948,0.20157672570389865,0.04787637867937341,28
28,random_mc2_n5_mid3_d1000_05_mr098_r10_125,GDCC_1e-05,V2,V4,1e-05,200,,0,5596.743583679199,585.6854915618896,True,1500,0.0,0.3332024784999999,0.04615563883181426,0.2836650958992948,0.20157672570389865,0.04787637867937341,29
29,random_mc2_n5_mid3_d1000_05_mr098_r10_125,GDCC_1e-05,V2,V4,1e-05,200,,0,5801.185369491577,606.2436103820801,True,1500,0.0,0.3332024784999999,0.04615563883181426,0.2836650958992948,0.20157672570389865,0.04787637867937341,30
30,random_mc2_n5_mid3_d1000_05_mr098_r10_125,GDCC_1e-05,V2,V4,1e-05,200,,0,6019.845247268677,624.7098445892334,True,1500,0.0,0.3332024784999999,0.04615563883181426,0.2836650958992948,0.20157672570389865,0.04787637867937341,31
31,random_mc2_n5_mid3_d1000_05_mr098_r10_125,GDCC_1e-05,V2,V4,1e-05,200,,0,6237.827301025391,647.8240489959717,True,1500,0.0,0.3332024784999999,0.04615563883181426,0.2836650958992948,0.20157672570389865,0.04787637867937341,32
32,random_mc2_n5_mid3_d1000_05_mr098_r10_125,GDCC_1e-05,V2,V4,1e-05,200,,0,6471.225738525391,663.8698577880859,True,1500,0.0,0.3332024784999999,0.04615563883181426,0.2836650958992948,0.20157672570389865,0.04787637867937341,33
33,random_mc2_n5_mid3_d1000_05_mr098_r10_125,GDCC_1e-05,V2,V4,1e-05,200,,0,6688.697338104248,685.6188774108887,True,1500,0.0,0.3332024784999999,0.04615563883181426,0.2836650958992948,0.20157672570389865,0.04787637867937341,34
34,random_mc2_n5_mid3_d1000_05_mr098_r10_125,GDCC_1e-05,V2,V4,1e-05,200,,0,6918.6036586761475,847.3508358001709,True,1500,0.0,0.3332024784999999,0.03423037885721354,0.2836650958992948,0.17069559177874516,0.04257740663566191,35
35,random_mc2_n5_mid3_d1000_05_mr098_r10_125,GDCC_1e-05,V2,V4,1e-05,200,,0,7148.260116577148,726.3484001159668,True,1500,0.0,0.3332024784999999,0.03423037885721354,0.2836650958992948,0.17069559177874516,0.04257740663566191,36
36,random_mc2_n5_mid3_d1000_05_mr098_r10_125,GDCC_1e-05,V2,V4,1e-05,200,,0,7386.455535888672,747.2217082977295,True,1500,0.0,0.3332024784999999,0.03423037885721354,0.2836650958992948,0.17069559177874516,0.04257740663566191,37
37,random_mc2_n5_mid3_d1000_05_mr098_r10_125,GDCC_1e-05,V2,V4,1e-05,200,,0,7625.188589096069,770.12038230896,True,1500,0.0,0.3332024784999999,0.03423037885721354,0.2836650958992948,0.17069559177874516,0.04257740663566191,38
38,random_mc2_n5_mid3_d1000_05_mr098_r10_125,GDCC_1e-05,V2,V4,1e-05,200,,0,7880.939960479736,792.4261093139648,True,1500,0.0,0.3332024784999999,0.03423037885721354,0.2836650958992948,0.17069559177874516,0.04257740663566191,39
39,random_mc2_n5_mid3_d1000_05_mr098_r10_125,GDCC_1e-05,V2,V4,1e-05,200,,0,8115.225076675415,809.9021911621094,True,1500,0.0,0.3332024784999999,0.03423037885721354,0.2836650958992948,0.17069559177874516,0.04257740663566191,40
40,random_mc2_n5_mid3_d1000_05_mr098_r10_125,GDCC_1e-05,V2,V4,1e-05,200,,0,8366.580486297607,829.0214538574219,True,1500,0.0,0.3332024784999999,0.03423037885721354,0.2836650958992948,0.17069559177874516,0.04257740663566191,41
41,random_mc2_n5_mid3_d1000_05_mr098_r10_125,GDCC_1e-05,V2,V4,1e-05,200,,0,8607.138872146606,848.1488227844238,True,1500,0.0,0.3332024784999999,0.03423037885721354,0.2836650958992948,0.17069559177874516,0.04257740663566191,42
42,random_mc2_n5_mid3_d1000_05_mr098_r10_125,GDCC_1e-05,V2,V4,1e-05,200,,0,8851.519107818604,874.6042251586914,True,1500,0.0,0.3332024784999999,0.03423037885721354,0.2836650958992948,0.17069559177874516,0.04257740663566191,43
43,random_mc2_n5_mid3_d1000_05_mr098_r10_125,GDCC_1e-05,V2,V4,1e-05,200,,0,9091.334819793701,892.418384552002,True,1500,0.0,0.3332024784999999,0.03423037885721354,0.2836650958992948,0.17069559177874516,0.04257740663566191,44
44,random_mc2_n5_mid3_d1000_05_mr098_r10_125,GDCC_1e-05,V2,V4,1e-05,200,,0,9333.37950706482,908.9715480804443,True,1500,0.0,0.3332024784999999,0.03423037885721354,0.2836650958992948,0.17069559177874516,0.04257740663566191,45
45,random_mc2_n5_mid3_d1000_05_mr098_r10_125,GDCC_1e-05,V2,V4,1e-05,200,,0,9581.815004348755,1073.3625888824463,True,1500,0.0,0.3332024784999999,0.03423037885721354,0.2836650958992948,0.17069559177874516,0.04257740663566191,46
46,random_mc2_n5_mid3_d1000_05_mr098_r10_125,GDCC_1e-05,V2,V4,1e-05,200,,0,9838.413953781128,950.2272605895996,True,1500,0.0,0.3332024784999999,0.03423037885721354,0.2836650958992948,0.17069559177874516,0.04257740663566191,47
47,random_mc2_n5_mid3_d1000_05_mr098_r10_125,GDCC_1e-05,V2,V4,1e-05,200,,0,10084.686994552612,972.8889465332031,True,1500,0.0,0.3332024784999999,0.03423037885721354,0.2836650958992948,0.17069559177874516,0.04257740663566191,48
48,random_mc2_n5_mid3_d1000_05_mr098_r10_125,GDCC_1e-05,V2,V4,1e-05,200,,0,10337.906122207642,990.3061389923096,True,1500,0.0,0.3332024784999999,0.03423037885721354,0.2836650958992948,0.17069559177874516,0.04257740663566191,49
49,random_mc2_n5_mid3_d1000_05_mr098_r10_125,GDCC_1e-05,V2,V4,1e-05,200,,0,10608.818292617798,1015.1348114013672,True,1500,0.0,0.3332024784999999,0.03423037885721354,0.2836650958992948,0.17069559177874516,0.04257740663566191,50
50,random_mc2_n5_mid3_d1000_05_mr098_r10_125,GDCC_1e-05,V2,V4,1e-05,200,,0,10869.597434997559,1030.2653312683105,True,1500,0.0,0.3332024784999999,0.03423037885721354,0.2836650958992948,0.17069559177874516,0.04257740663566191,51
51,random_mc2_n5_mid3_d1000_05_mr098_r10_125,GDCC_1e-05,V2,V4,1e-05,200,,0,11129.828453063965,1050.5738258361816,True,1500,0.0,0.3332024784999999,0.03423037885721354,0.2836650958992948,0.17069559177874516,0.04257740663566191,52
52,random_mc2_n5_mid3_d1000_05_mr098_r10_125,GDCC_1e-05,V2,V4,1e-05,200,,0,11392.735242843628,1072.9687213897705,True,1500,0.0,0.3332024784999999,0.03423037885721354,0.2836650958992948,0.17069559177874516,0.04257740663566191,53
53,random_mc2_n5_mid3_d1000_05_mr098_r10_125,GDCC_1e-05,V2,V4,1e-05,200,,0,11660.14814376831,1091.2563800811768,True,1500,0.0,0.3332024784999999,0.03423037885721354,0.2836650958992948,0.17069559177874516,0.04257740663566191,54
54,random_mc2_n5_mid3_d1000_05_mr098_r10_125,GDCC_1e-05,V2,V4,1e-05,200,,0,11944.883346557617,1111.619472503662,True,1500,0.0,0.3332024784999999,0.020852425051741,0.2836650958992948,0.14460910189700166,0.03800510429841706,55
55,random_mc2_n5_mid3_d1000_05_mr098_r10_125,GDCC_1e-05,V2,V4,1e-05,200,,0,12225.037574768066,1264.5673751831055,True,1500,0.0,0.3332024784999999,0.020852425051741,0.2836650958992948,0.14460910189700166,0.03800510429841706,56
56,random_mc2_n5_mid3_d1000_05_mr098_r10_125,GDCC_1e-05,V2,V4,1e-05,200,,0,12497.299909591675,1154.9959182739258,True,1500,0.0,0.3332024784999999,0.020852425051741,0.2836650958992948,0.14460910189700166,0.03800510429841706,57
57,random_mc2_n5_mid3_d1000_05_mr098_r10_125,GDCC_1e-05,V2,V4,1e-05,200,,0,12759.212970733643,1179.8157691955566,True,1500,0.0,0.3332024784999999,0.020852425051741,0.2836650958992948,0.14460910189700166,0.03800510429841706,58
58,random_mc2_n5_mid3_d1000_05_mr098_r10_125,GDCC_1e-05,V2,V4,1e-05,200,,0,13034.589290618896,1193.9129829406738,True,1500,0.0,0.3332024784999999,0.020852425051741,0.2836650958992948,0.14460910189700166,0.03800510429841706,59
59,random_mc2_n5_mid3_d1000_05_mr098_r10_125,GDCC_1e-05,V2,V4,1e-05,200,,0,13318.71747970581,1213.4811878204346,True,1500,0.0,0.3332024784999999,0.020852425051741,0.2836650958992948,0.14460910189700166,0.03800510429841706,60
60,random_mc2_n5_mid3_d1000_05_mr098_r10_125,GDCC_1e-05,V2,V4,1e-05,200,,0,13595.438480377197,1233.6180210113525,True,1500,0.0,0.3332024784999999,0.020852425051741,0.2836650958992948,0.14460910189700166,0.03800510429841706,61
61,random_mc2_n5_mid3_d1000_05_mr098_r10_125,GDCC_1e-05,V2,V4,1e-05,200,,0,13870.838403701782,1251.4958381652832,True,1500,0.0,0.3332024784999999,0.020852425051741,0.2836650958992948,0.14460910189700166,0.03800510429841706,62
62,random_mc2_n5_mid3_d1000_05_mr098_r10_125,GDCC_1e-05,V2,V4,1e-05,200,,0,14150.27928352356,1413.4495258331299,True,1500,0.0,0.3332024784999999,0.020852425051741,0.2836650958992948,0.14460910189700166,0.03800510429841706,63
63,random_mc2_n5_mid3_d1000_05_mr098_r10_125,GDCC_1e-05,V2,V4,1e-05,200,,0,14440.070152282715,1291.48530960083,True,1500,0.0,0.3332024784999999,0.020852425051741,0.2836650958992948,0.14460910189700166,0.03800510429841706,64
64,random_mc2_n5_mid3_d1000_05_mr098_r10_125,GDCC_1e-05,V2,V4,1e-05,200,,0,14733.62922668457,1309.3438148498535,True,1500,0.0,0.3332024784999999,0.020852425051741,0.2836650958992948,0.14460910189700166,0.03800510429841706,65
65,random_mc2_n5_mid3_d1000_05_mr098_r10_125,GDCC_1e-05,V2,V4,1e-05,200,,0,15018.157005310059,1330.3697109222412,True,1500,0.0,0.3332024784999999,0.020852425051741,0.2836650958992948,0.14460910189700166,0.03800510429841706,66
66,random_mc2_n5_mid3_d1000_05_mr098_r10_125,GDCC_1e-05,V2,V4,1e-05,200,,0,15306.241750717163,1358.290195465088,True,1500,0.0,0.3332024784999999,0.020852425051741,0.2836650958992948,0.14460910189700166,0.03800510429841706,67
67,random_mc2_n5_mid3_d1000_05_mr098_r10_125,GDCC_1e-05,V2,V4,1e-05,200,,0,15609.719514846802,1368.8468933105469,True,1500,0.0,0.3332024784999999,0.020852425051741,0.2836650958992948,0.14460910189700166,0.03800510429841706,68
68,random_mc2_n5_mid3_d1000_05_mr098_r10_125,GDCC_1e-05,V2,V4,1e-05,200,,0,15906.228303909302,1393.2161331176758,True,1500,0.0,0.3332024784999999,0.020852425051741,0.2836650958992948,0.14460910189700166,0.03800510429841706,69
69,random_mc2_n5_mid3_d1000_05_mr098_r10_125,GDCC_1e-05,V2,V4,1e-05,200,,0,16200.667381286621,1411.864995956421,True,1500,0.0,0.3332024784999999,0.020852425051741,0.2836650958992948,0.14460910189700166,0.03800510429841706,70
70,random_mc2_n5_mid3_d1000_05_mr098_r10_125,GDCC_1e-05,V2,V4,1e-05,200,,0,16495.275259017944,1564.5825862884521,True,1500,0.0,0.3332024784999999,0.020852425051741,0.2836650958992948,0.14460910189700166,0.03800510429841706,71
71,random_mc2_n5_mid3_d1000_05_mr098_r10_125,GDCC_1e-05,V2,V4,1e-05,200,,0,16796.504735946655,1457.2699069976807,True,1500,0.0,0.3332024784999999,0.020852425051741,0.2836650958992948,0.14460910189700166,0.03800510429841706,72
72,random_mc2_n5_mid3_d1000_05_mr098_r10_125,GDCC_1e-05,V2,V4,1e-05,200,,0,17100.982189178467,1470.4375267028809,True,1500,0.0,0.3332024784999999,0.020852425051741,0.2836650958992948,0.14460910189700166,0.03800510429841706,73
73,random_mc2_n5_mid3_d1000_05_mr098_r10_125,GDCC_1e-05,V2,V4,1e-05,200,,0,17395.244598388672,1495.3184127807617,True,1500,0.0,0.3332024784999999,0.020852425051741,0.2836650958992948,0.14460910189700166,0.03800510429841706,74
74,random_mc2_n5_mid3_d1000_05_mr098_r10_125,GDCC_1e-05,V2,V4,1e-05,200,,0,17699.997425079346,1513.3998394012451,True,1500,0.0,0.3332024784999999,0.020852425051741,0.2836650958992948,0.14460910189700166,0.03800510429841706,75
75,random_mc2_n5_mid3_d1000_05_mr098_r10_125,GDCC_1e-05,V2,V4,1e-05,200,,0,18010.204792022705,1538.2564067840576,True,1500,0.0,0.3332024784999999,0.020852425051741,0.2836650958992948,0.14460910189700166,0.03800510429841706,76
76,random_mc2_n5_mid3_d1000_05_mr098_r10_125,GDCC_1e-05,V2,V4,1e-05,200,,0,18319.69118118286,1681.1785697937012,True,1500,0.0,0.3332024784999999,0.020852425051741,0.2836650958992948,0.14460910189700166,0.03800510429841706,77
77,random_mc2_n5_mid3_d1000_05_mr098_r10_125,GDCC_1e-05,V2,V4,1e-05,200,,0,18634.223222732544,1572.4999904632568,True,1500,0.0,0.3332024784999999,0.020852425051741,0.2836650958992948,0.14460910189700166,0.03800510429841706,78
78,random_mc2_n5_mid3_d1000_05_mr098_r10_125,GDCC_1e-05,V2,V4,1e-05,200,,0,18948.246240615845,1593.4526920318604,True,1500,0.0,0.3332024784999999,0.020852425051741,0.2836650958992948,0.14460910189700166,0.03800510429841706,79
79,random_mc2_n5_mid3_d1000_05_mr098_r10_125,GDCC_1e-05,V2,V4,1e-05,200,,0,19265.102863311768,1614.2311096191406,True,1500,0.0,0.3332024784999999,0.020852425051741,0.2836650958992948,0.14460910189700166,0.03800510429841706,80
80,random_mc2_n5_mid3_d1000_05_mr098_r10_125,GDCC_1e-05,V2,V4,1e-05,200,,0,19596.071004867554,1639.1499042510986,True,1500,0.0,0.3332024784999999,0.01418110569144031,0.2836650958992948,0.13520379393177115,0.03643525787997419,81
81,random_mc2_n5_mid3_d1000_05_mr098_r10_125,GDCC_1e-05,V2,V4,1e-05,200,,0,19926.928758621216,1667.248249053955,True,1500,0.0,0.3332024784999999,0.01418110569144031,0.2836650958992948,0.13520379393177115,0.03643525787997419,82
82,random_mc2_n5_mid3_d1000_05_mr098_r10_125,GDCC_1e-05,V2,V4,1e-05,200,,0,20245.56851387024,1826.8885612487793,True,1500,0.0,0.3332024784999999,0.01418110569144031,0.2836650958992948,0.13520379393177115,0.03643525787997419,83
83,random_mc2_n5_mid3_d1000_05_mr098_r10_125,GDCC_1e-05,V2,V4,1e-05,200,,0,20562.293529510498,1693.1664943695068,True,1500,0.0,0.3332024784999999,0.01418110569144031,0.2836650958992948,0.13520379393177115,0.03643525787997419,84
84,random_mc2_n5_mid3_d1000_05_mr098_r10_125,GDCC_1e-05,V2,V4,1e-05,200,,0,20888.34571838379,1717.0448303222656,True,1500,0.0,0.3332024784999999,0.01418110569144031,0.2836650958992948,0.13520379393177115,0.03643525787997419,85
85,random_mc2_n5_mid3_d1000_05_mr098_r10_125,GDCC_1e-05,V2,V4,1e-05,200,,0,21216.699600219727,1734.304428100586,True,1500,0.0,0.3332024784999999,0.01418110569144031,0.2836650958992948,0.13520379393177115,0.03643525787997419,86
86,random_mc2_n5_mid3_d1000_05_mr098_r10_125,GDCC_1e-05,V2,V4,1e-05,200,,0,21550.838470458984,1756.8669319152832,True,1500,0.0,0.3332024784999999,0.01418110569144031,0.2836650958992948,0.13520379393177115,0.03643525787997419,87
87,random_mc2_n5_mid3_d1000_05_mr098_r10_125,GDCC_1e-05,V2,V4,1e-05,200,,0,21884.82356071472,1908.1697463989258,True,1500,0.0,0.3332024784999999,0.01418110569144031,0.2836650958992948,0.13520379393177115,0.03643525787997419,88
88,random_mc2_n5_mid3_d1000_05_mr098_r10_125,GDCC_1e-05,V2,V4,1e-05,200,,0,22213.62805366516,1794.8307991027832,True,1500,0.0,0.3332024784999999,0.01418110569144031,0.2836650958992948,0.13520379393177115,0.03643525787997419,89
89,random_mc2_n5_mid3_d1000_05_mr098_r10_125,GDCC_1e-05,V2,V4,1e-05,200,,0,22546.708345413208,1814.5747184753418,True,1500,0.0,0.3332024784999999,0.01418110569144031,0.2836650958992948,0.13520379393177115,0.03643525787997419,90
90,random_mc2_n5_mid3_d1000_05_mr098_r10_125,GDCC_1e-05,V2,V4,1e-05,200,,0,22892.089128494263,1835.7996940612793,True,1500,0.0,0.3332024784999999,0.01418110569144031,0.2836650958992948,0.13520379393177115,0.03643525787997419,91
91,random_mc2_n5_mid3_d1000_05_mr098_r10_125,GDCC_1e-05,V2,V4,1e-05,200,,0,23250.450611114502,1861.4888191223145,True,1500,0.0,0.3332024784999999,0.01418110569144031,0.2836650958992948,0.13520379393177115,0.03643525787997419,92
92,random_mc2_n5_mid3_d1000_05_mr098_r10_125,GDCC_1e-05,V2,V4,1e-05,200,,0,23595.47781944275,2019.355058670044,True,1500,0.0,0.3332024784999999,0.01418110569144031,0.2836650958992948,0.13520379393177115,0.03643525787997419,93
93,random_mc2_n5_mid3_d1000_05_mr098_r10_125,GDCC_1e-05,V2,V4,1e-05,200,,0,23939.645767211914,1902.282476425171,True,1500,0.0,0.3332024784999999,0.01418110569144031,0.2836650958992948,0.13520379393177115,0.03643525787997419,94
94,random_mc2_n5_mid3_d1000_05_mr098_r10_125,GDCC_1e-05,V2,V4,1e-05,200,,0,24281.561374664307,1915.8411026000977,True,1500,0.0,0.3332024784999999,0.01418110569144031,0.2836650958992948,0.13520379393177115,0.03643525787997419,95
95,random_mc2_n5_mid3_d1000_05_mr098_r10_125,GDCC_1e-05,V2,V4,1e-05,200,,0,24646.857500076294,1939.770221710205,True,1500,0.0,0.3332024784999999,0.01418110569144031,0.2836650958992948,0.13520379393177115,0.03643525787997419,96
96,random_mc2_n5_mid3_d1000_05_mr098_r10_125,GDCC_1e-05,V2,V4,1e-05,200,,0,24994.264602661133,1958.6193561553955,True,1500,0.0,0.3332024784999999,0.01418110569144031,0.2836650958992948,0.13520379393177115,0.03643525787997419,97
97,random_mc2_n5_mid3_d1000_05_mr098_r10_125,GDCC_1e-05,V2,V4,1e-05,200,,0,25365.516424179077,2116.2192821502686,True,1500,0.0,0.3332024784999999,0.01418110569144031,0.2836650958992948,0.13520379393177115,0.03643525787997419,98
98,random_mc2_n5_mid3_d1000_05_mr098_r10_125,GDCC_1e-05,V2,V4,1e-05,200,,0,25724.71046447754,2001.1556148529053,True,1500,0.0,0.3332024784999999,0.01418110569144031,0.2836650958992948,0.13520379393177115,0.03643525787997419,99
99,random_mc2_n5_mid3_d1000_05_mr098_r10_125,GDCC_1e-05,V2,V4,1e-05,200,,0,26074.573278427124,2024.796962738037,True,1500,0.0,0.3332024784999999,0.01418110569144031,0.2836650958992948,0.13520379393177115,0.03643525787997419,100
100,random_mc2_n5_mid3_d1000_05_mr098_r10_125,GDCC_1e-05,V2,V4,1e-05,200,,0,26439.459800720215,2041.822910308838,True,1500,0.0,0.3332024784999999,0.01418110569144031,0.2836650958992948,0.13520379393177115,0.03643525787997419,101
101,random_mc2_n5_mid3_d1000_05_mr098_r10_125,GDCC_1e-05,V2,V4,1e-05,200,,0,26807.191133499146,2064.281702041626,True,1500,0.0,0.3332024784999999,0.01418110569144031,0.2836650958992948,0.13520379393177115,0.03643525787997419,102
102,random_mc2_n5_mid3_d1000_05_mr098_r10_125,GDCC_1e-05,V2,V4,1e-05,200,,0,27170.286655426025,2222.6171493530273,True,1500,0.0,0.3332024784999999,0.01418110569144031,0.2836650958992948,0.13520379393177115,0.03643525787997419,103
103,random_mc2_n5_mid3_d1000_05_mr098_r10_125,GDCC_1e-05,V2,V4,1e-05,200,,0,27531.264781951904,2106.5049171447754,True,1500,0.0,0.3332024784999999,0.01418110569144031,0.2836650958992948,0.13520379393177115,0.03643525787997419,104
104,random_mc2_n5_mid3_d1000_05_mr098_r10_125,GDCC_1e-05,V2,V4,1e-05,200,,0,27898.072242736816,2127.383232116699,True,1500,0.0,0.3332024784999999,0.01418110569144031,0.2836650958992948,0.13520379393177115,0.03643525787997419,105
105,random_mc2_n5_mid3_d1000_05_mr098_r10_125,GDCC_1e-05,V2,V4,1e-05,200,,0,28265.570163726807,2146.3003158569336,True,1500,0.0,0.3332024784999999,0.01418110569144031,0.2836650958992948,0.13520379393177115,0.03643525787997419,106
106,random_mc2_n5_mid3_d1000_05_mr098_r10_125,GDCC_1e-05,V2,V4,1e-05,200,,0,28637.662172317505,2170.5307960510254,True,1500,0.0,0.3332024784999999,0.01418110569144031,0.2836650958992948,0.13520379393177115,0.03643525787997419,107
107,random_mc2_n5_mid3_d1000_05_mr098_r10_125,GDCC_1e-05,V2,V4,1e-05,200,,0,29165.866136550903,2181.35404586792,True,1500,0.0,0.3332024784999999,0.01418110569144031,0.2836650958992948,0.13520379393177115,0.03643525787997419,108
108,random_mc2_n5_mid3_d1000_05_mr098_r10_125,GDCC_1e-05,V2,V4,1e-05,200,,0,29547.473907470703,2199.845790863037,True,1500,0.0,0.3332024784999999,0.01418110569144031,0.2836650958992948,0.13520379393177115,0.03643525787997419,109
109,random_mc2_n5_mid3_d1000_05_mr098_r10_125,GDCC_1e-05,V2,V4,1e-05,200,,0,29940.022230148315,2227.888345718384,True,1500,0.0,0.3332024784999999,0.01418110569144031,0.2919014777730867,0.11118303831379309,0.03087779476967456,110
110,random_mc2_n5_mid3_d1000_05_mr098_r10_125,GDCC_1e-05,V2,V4,1e-05,200,,0,30321.31052017212,2242.1631813049316,True,1500,0.0,0.3332024784999999,0.01418110569144031,0.2919014777730867,0.11118303831379309,0.03087779476967456,111
111,random_mc2_n5_mid3_d1000_05_mr098_r10_125,GDCC_1e-05,V2,V4,1e-05,200,,0,30722.59020805359,2409.4154834747314,True,1500,0.0,0.3332024784999999,0.01418110569144031,0.2919014777730867,0.11118303831379309,0.03087779476967456,112
112,random_mc2_n5_mid3_d1000_05_mr098_r10_125,GDCC_1e-05,V2,V4,1e-05,200,,0,31109.687089920044,2281.9604873657227,True,1500,0.0,0.3332024784999999,0.01418110569144031,0.2919014777730867,0.11118303831379309,0.03087779476967456,113
113,random_mc2_n5_mid3_d1000_05_mr098_r10_125,GDCC_1e-05,V2,V4,1e-05,200,,0,31489.996671676636,2306.9303035736084,True,1500,0.0,0.3332024784999999,0.01418110569144031,0.2919014777730867,0.11118303831379309,0.03087779476967456,114
114,random_mc2_n5_mid3_d1000_05_mr098_r10_125,GDCC_1e-05,V2,V4,1e-05,200,,0,31889.358043670654,2325.929641723633,True,1500,0.0,0.3332024784999999,0.01418110569144031,0.2919014777730867,0.11118303831379309,0.03087779476967456,115
115,random_mc2_n5_mid3_d1000_05_mr098_r10_125,GDCC_1e-05,V2,V4,1e-05,200,,0,32283.211946487427,2474.9231338500977,True,1500,0.0,0.3332024784999999,0.01418110569144031,0.2919014777730867,0.11118303831379309,0.03087779476967456,116
116,random_mc2_n5_mid3_d1000_05_mr098_r10_125,GDCC_1e-05,V2,V4,1e-05,200,,0,32678.812503814697,2362.5755310058594,True,1500,0.0,0.3332024784999999,0.01418110569144031,0.2919014777730867,0.11118303831379309,0.03087779476967456,117
117,random_mc2_n5_mid3_d1000_05_mr098_r10_125,GDCC_1e-05,V2,V4,1e-05,200,,0,33087.84246444702,2398.106813430786,True,1500,0.0,0.3332024784999999,0.01418110569144031,0.2919014777730867,0.11118303831379309,0.03087779476967456,118
118,random_mc2_n5_mid3_d1000_05_mr098_r10_125,GDCC_1e-05,V2,V4,1e-05,200,,0,33485.12673377991,2408.7460041046143,True,1500,0.0,0.3332024784999999,0.01418110569144031,0.2919014777730867,0.11118303831379309,0.03087779476967456,119
119,random_mc2_n5_mid3_d1000_05_mr098_r10_125,GDCC_1e-05,V2,V4,1e-05,200,,0,33896.363973617554,2563.976049423218,True,1500,0.0,0.3332024784999999,0.01418110569144031,0.2919014777730867,0.11118303831379309,0.03087779476967456,120
120,random_mc2_n5_mid3_d1000_05_mr098_r10_125,GDCC_1e-05,V2,V4,1e-05,200,,0,34290.449380874634,2444.9241161346436,True,1500,0.0,0.3332024784999999,0.01418110569144031,0.2919014777730867,0.11118303831379309,0.03087779476967456,121
121,random_mc2_n5_mid3_d1000_05_mr098_r10_125,GDCC_1e-05,V2,V4,1e-05,200,,0,34703.43828201294,2465.928077697754,True,1500,0.0,0.3332024784999999,0.01418110569144031,0.2919014777730867,0.11118303831379309,0.03087779476967456,122
122,random_mc2_n5_mid3_d1000_05_mr098_r10_125,GDCC_1e-05,V2,V4,1e-05,200,,0,35117.02823638916,2494.666337966919,True,1500,0.0,0.3332024784999999,0.01418110569144031,0.2919014777730867,0.11118303831379309,0.03087779476967456,123
123,random_mc2_n5_mid3_d1000_05_mr098_r10_125,GDCC_1e-05,V2,V4,1e-05,200,,0,35529.91843223572,2634.7293853759766,True,1500,0.0,0.3332024784999999,0.01418110569144031,0.2919014777730867,0.11118303831379309,0.03087779476967456,124
124,random_mc2_n5_mid3_d1000_05_mr098_r10_125,GDCC_1e-05,V2,V4,1e-05,200,,0,35949.37562942505,2522.602081298828,True,1500,0.0,0.3332024784999999,0.01418110569144031,0.2919014777730867,0.11118303831379309,0.03087779476967456,125
125,random_mc2_n5_mid3_d1000_05_mr098_r10_125,GDCC_1e-05,V2,V4,1e-05,200,,0,36367.33174324036,2554.647207260132,True,1500,0.0,0.3332024784999999,0.01418110569144031,0.2919014777730867,0.11118303831379309,0.03087779476967456,126
126,random_mc2_n5_mid3_d1000_05_mr098_r10_125,GDCC_1e-05,V2,V4,1e-05,200,,0,36782.16052055359,2723.3221530914307,True,1500,0.0,0.3332024784999999,0.01418110569144031,0.2919014777730867,0.11118303831379309,0.03087779476967456,127
127,random_mc2_n5_mid3_d1000_05_mr098_r10_125,GDCC_1e-05,V2,V4,1e-05,200,,0,37184.629917144775,2586.8985652923584,True,1500,0.0,0.3332024784999999,0.01418110569144031,0.2919014777730867,0.11118303831379309,0.03087779476967456,128
128,random_mc2_n5_mid3_d1000_05_mr098_r10_125,GDCC_1e-05,V2,V4,1e-05,200,,0,37604.12621498108,2611.048698425293,True,1500,0.0,0.3332024784999999,0.01418110569144031,0.2919014777730867,0.11118303831379309,0.03087779476967456,129
129,random_mc2_n5_mid3_d1000_05_mr098_r10_125,GDCC_1e-05,V2,V4,1e-05,200,,0,38013.81421089172,2630.352020263672,True,1500,0.0,0.3332024784999999,0.01418110569144031,0.2919014777730867,0.11118303831379309,0.03087779476967456,130
130,random_mc2_n5_mid3_d1000_05_mr098_r10_125,GDCC_1e-05,V2,V4,1e-05,200,,0,38440.823793411255,2788.109302520752,True,1500,0.0,0.3332024784999999,0.01418110569144031,0.2919014777730867,0.11118303831379309,0.03087779476967456,131
131,random_mc2_n5_mid3_d1000_05_mr098_r10_125,GDCC_1e-05,V2,V4,1e-05,200,,0,38878.22771072388,2682.3723316192627,True,1500,0.0,0.3332024784999999,0.01418110569144031,0.2919014777730867,0.11118303831379309,0.03087779476967456,132
132,random_mc2_n5_mid3_d1000_05_mr098_r10_125,GDCC_1e-05,V2,V4,1e-05,200,,0,39300.40216445923,2689.699649810791,True,1500,0.0,0.3332024784999999,0.01418110569144031,0.2919014777730867,0.11118303831379309,0.03087779476967456,133
133,random_mc2_n5_mid3_d1000_05_mr098_r10_125,GDCC_1e-05,V2,V4,1e-05,200,,0,39725.043535232544,2854.907751083374,True,1500,0.0,0.3332024784999999,0.01418110569144031,0.2919014777730867,0.11118303831379309,0.03087779476967456,134
134,random_mc2_n5_mid3_d1000_05_mr098_r10_125,GDCC_1e-05,V2,V4,1e-05,200,,0,40154.620885849,2722.7251529693604,True,1500,0.0,0.3332024784999999,0.01418110569144031,0.2919014777730867,0.11118303831379309,0.03087779476967456,135
135,random_mc2_n5_mid3_d1000_05_mr098_r10_125,GDCC_1e-05,V2,V4,1e-05,200,,0,40579.33330535889,2751.7051696777344,True,1500,0.0,0.3332024784999999,0.01418110569144031,0.2919014777730867,0.11118303831379309,0.03087779476967456,136
136,random_mc2_n5_mid3_d1000_05_mr098_r10_125,GDCC_1e-05,V2,V4,1e-05,200,,0,41005.332469940186,2769.484043121338,True,1500,0.0,0.3332024784999999,0.01418110569144031,0.2919014777730867,0.11118303831379309,0.03087779476967456,137
137,random_mc2_n5_mid3_d1000_05_mr098_r10_125,GDCC_1e-05,V2,V4,1e-05,200,,0,41452.3069858551,2929.0754795074463,True,1500,0.0,0.3332024784999999,0.01418110569144031,0.2919014777730867,0.11118303831379309,0.03087779476967456,138
138,random_mc2_n5_mid3_d1000_05_mr098_r10_125,GDCC_1e-05,V2,V4,1e-05,200,,0,41911.61036491394,2808.4490299224854,True,1500,0.0,0.3332024784999999,0.01418110569144031,0.2919014777730867,0.11118303831379309,0.03087779476967456,139
139,random_mc2_n5_mid3_d1000_05_mr098_r10_125,GDCC_1e-05,V2,V4,1e-05,200,,0,42354.1374206543,2832.062005996704,True,1500,0.0,0.3332024784999999,0.01418110569144031,0.2919014777730867,0.11118303831379309,0.03087779476967456,140
140,random_mc2_n5_mid3_d1000_05_mr098_r10_125,GDCC_1e-05,V2,V4,1e-05,200,,0,42796.350717544556,2997.3371028900146,True,1500,0.0,0.3332024784999999,0.01418110569144031,0.2919014777730867,0.11118303831379309,0.03087779476967456,141
141,random_mc2_n5_mid3_d1000_05_mr098_r10_125,GDCC_1e-05,V2,V4,1e-05,200,,0,43221.97246551514,2869.114398956299,True,1500,0.0,0.3332024784999999,0.01418110569144031,0.2919014777730867,0.11118303831379309,0.03087779476967456,142
142,random_mc2_n5_mid3_d1000_05_mr098_r10_125,GDCC_1e-05,V2,V4,1e-05,200,,0,43675.58789253235,2899.864673614502,True,1500,0.0,0.3332024784999999,0.01418110569144031,0.2919014777730867,0.11118303831379309,0.03087779476967456,143
143,random_mc2_n5_mid3_d1000_05_mr098_r10_125,GDCC_1e-05,V2,V4,1e-05,200,,0,44123.42572212219,2907.6967239379883,True,1500,0.0,0.3332024784999999,0.01418110569144031,0.2919014777730867,0.11118303831379309,0.03087779476967456,144
144,random_mc2_n5_mid3_d1000_05_mr098_r10_125,GDCC_1e-05,V2,V4,1e-05,200,,0,44585.51359176636,3085.6828689575195,True,1500,0.0,0.3332024784999999,0.01418110569144031,0.2919014777730867,0.11118303831379309,0.03087779476967456,145
145,random_mc2_n5_mid3_d1000_05_mr098_r10_125,GDCC_1e-05,V2,V4,1e-05,200,,0,45033.42127799988,2938.784599304199,True,1500,0.0,0.3332024784999999,0.01418110569144031,0.2919014777730867,0.11118303831379309,0.03087779476967456,146
146,random_mc2_n5_mid3_d1000_05_mr098_r10_125,GDCC_1e-05,V2,V4,1e-05,200,,0,45483.71863365173,2969.064950942993,True,1500,0.0,0.3332024784999999,0.01418110569144031,0.2919014777730867,0.11118303831379309,0.03087779476967456,147
147,random_mc2_n5_mid3_d1000_05_mr098_r10_125,GDCC_1e-05,V2,V4,1e-05,200,,0,45940.38486480713,3119.5313930511475,True,1500,0.0,0.3332024784999999,0.01418110569144031,0.2919014777730867,0.11118303831379309,0.03087779476967456,148
148,random_mc2_n5_mid3_d1000_05_mr098_r10_125,GDCC_1e-05,V2,V4,1e-05,200,,0,46395.47538757324,3004.9033164978027,True,1500,0.0,0.3332024784999999,0.01418110569144031,0.2919014777730867,0.11118303831379309,0.03087779476967456,149
149,random_mc2_n5_mid3_d1000_05_mr098_r10_125,GDCC_1e-05,V2,V4,1e-05,200,,0,46850.51774978638,3027.216911315918,True,1500,0.0,0.3332024784999999,0.01418110569144031,0.2919014777730867,0.11118303831379309,0.03087779476967456,150
150,random_mc2_n5_mid3_d1000_05_mr098_r10_125,GDCC_1e-05,V2,V4,1e-05,200,,0,47313.602685928345,3174.9844551086426,True,1500,0.0,0.3332024784999999,0.01418110569144031,0.2919014777730867,0.11118303831379309,0.03087779476967456,151
151,random_mc2_n5_mid3_d1000_05_mr098_r10_125,GDCC_1e-05,V2,V4,1e-05,200,,0,47782.36937522888,3061.6230964660645,True,1500,0.0,0.3332024784999999,0.01418110569144031,0.2919014777730867,0.11118303831379309,0.03087779476967456,152
152,random_mc2_n5_mid3_d1000_05_mr098_r10_125,GDCC_1e-05,V2,V4,1e-05,200,,0,48242.38157272339,3085.155248641968,True,1500,0.0,0.3332024784999999,0.01418110569144031,0.2919014777730867,0.11118303831379309,0.03087779476967456,153
153,random_mc2_n5_mid3_d1000_05_mr098_r10_125,GDCC_1e-05,V2,V4,1e-05,200,,0,48704.60748672485,3247.4851608276367,True,1500,0.0,0.3332024784999999,0.01418110569144031,0.2919014777730867,0.11118303831379309,0.03087779476967456,154
154,random_mc2_n5_mid3_d1000_05_mr098_r10_125,GDCC_1e-05,V2,V4,1e-05,200,,0,49167.9151058197,3122.770071029663,True,1500,0.0,0.3332024784999999,0.01418110569144031,0.2919014777730867,0.11118303831379309,0.03087779476967456,155
155,random_mc2_n5_mid3_d1000_05_mr098_r10_125,GDCC_1e-05,V2,V4,1e-05,200,,0,49639.94240760803,3155.195474624634,True,1500,0.0,0.3332024784999999,0.01418110569144031,0.2919014777730867,0.11118303831379309,0.03087779476967456,156
156,random_mc2_n5_mid3_d1000_05_mr098_r10_125,GDCC_1e-05,V2,V4,1e-05,200,,0,50111.982345581055,3299.1816997528076,True,1500,0.0,0.3332024784999999,0.01418110569144031,0.2919014777730867,0.11118303831379309,0.03087779476967456,157
157,random_mc2_n5_mid3_d1000_05_mr098_r10_125,GDCC_1e-05,V2,V4,1e-05,200,,0,50595.332622528076,3183.8762760162354,True,1500,0.0,0.3332024784999999,0.009503526293599454,0.2919014777730867,0.1061176119315969,0.02996739622537816,158
158,random_mc2_n5_mid3_d1000_05_mr098_r10_125,GDCC_1e-05,V2,V4,1e-05,200,,0,51070.06549835205,3208.958387374878,True,1500,0.0,0.3332024784999999,0.009503526293599454,0.2919014777730867,0.1061176119315969,0.02996739622537816,159
159,random_mc2_n5_mid3_d1000_05_mr098_r10_125,GDCC_1e-05,V2,V4,1e-05,200,,0,51559.420108795166,3393.4364318847656,True,1500,0.0,0.3332024784999999,0.009503526293599454,0.2919014777730867,0.1061176119315969,0.02996739622537816,160
160,random_mc2_n5_mid3_d1000_05_mr098_r10_125,GDCC_1e-05,V2,V4,1e-05,200,,0,52044.35110092163,3274.8489379882812,True,1500,0.0,0.3332024784999999,0.009503526293599454,0.2919014777730867,0.1061176119315969,0.02996739622537816,161
161,random_mc2_n5_mid3_d1000_05_mr098_r10_125,GDCC_1e-05,V2,V4,1e-05,200,,0,52520.90072631836,3459.399938583374,True,1500,0.0,0.3332024784999999,0.009503526293599454,0.2919014777730867,0.1061176119315969,0.02996739622537816,162
162,random_mc2_n5_mid3_d1000_05_mr098_r10_125,GDCC_1e-05,V2,V4,1e-05,200,,0,53007.68828392029,3309.0410232543945,True,1500,0.0,0.3332024784999999,0.009503526293599454,0.2919014777730867,0.1061176119315969,0.02996739622537816,163
163,random_mc2_n5_mid3_d1000_05_mr098_r10_125,GDCC_1e-05,V2,V4,1e-05,200,,0,53492.825508117676,3329.2486667633057,True,1500,0.0,0.3332024784999999,0.009503526293599454,0.2919014777730867,0.1061176119315969,0.02996739622537816,164
164,random_mc2_n5_mid3_d1000_05_mr098_r10_125,GDCC_1e-05,V2,V4,1e-05,200,,0,53982.94734954834,3494.1701889038086,True,1500,0.0,0.3332024784999999,0.009503526293599454,0.2919014777730867,0.1061176119315969,0.02996739622537816,165
165,random_mc2_n5_mid3_d1000_05_mr098_r10_125,GDCC_1e-05,V2,V4,1e-05,200,,0,54476.52316093445,3354.036331176758,True,1500,0.0,0.3332024784999999,0.009503526293599454,0.2919014777730867,0.1061176119315969,0.02996739622537816,166
166,random_mc2_n5_mid3_d1000_05_mr098_r10_125,GDCC_1e-05,V2,V4,1e-05,200,,0,54968.395709991455,3384.4363689422607,True,1500,0.0,0.3332024784999999,0.009503526293599454,0.2919014777730867,0.1061176119315969,0.02996739622537816,167
167,random_mc2_n5_mid3_d1000_05_mr098_r10_125,GDCC_1e-05,V2,V4,1e-05,200,,0,55463.90128135681,3542.8433418273926,True,1500,0.0,0.3332024784999999,0.009503526293599454,0.2919014777730867,0.1061176119315969,0.02996739622537816,168
168,random_mc2_n5_mid3_d1000_05_mr098_r10_125,GDCC_1e-05,V2,V4,1e-05,200,,0,55955.283641815186,3415.2746200561523,True,1500,0.0,0.3332024784999999,0.002193552758612612,0.2919014777730867,0.10094780307764013,0.029245378564392865,169
169,random_mc2_n5_mid3_d1000_05_mr098_r10_125,GDCC_1e-05,V2,V4,1e-05,200,,0,56455.1043510437,3435.4968070983887,True,1500,0.0,0.3332024784999999,0.002193552758612612,0.2919014777730867,0.10094780307764013,0.029245378564392865,170
170,random_mc2_n5_mid3_d1000_05_mr098_r10_125,GDCC_1e-05,V2,V4,1e-05,200,,0,56971.00806236267,3603.912591934204,True,1500,0.0,0.3332024784999999,0.002193552758612612,0.2919014777730867,0.10094780307764013,0.029245378564392865,171
171,random_mc2_n5_mid3_d1000_05_mr098_r10_125,GDCC_1e-05,V2,V4,1e-05,200,,0,57463.8991355896,3472.6545810699463,True,1500,0.0,0.3332024784999999,0.002193552758612612,0.2919014777730867,0.10094780307764013,0.029245378564392865,172
172,random_mc2_n5_mid3_d1000_05_mr098_r10_125,GDCC_1e-05,V2,V4,1e-05,200,,0,57964.882135391235,3496.2379932403564,True,1500,0.0,0.3332024784999999,0.002193552758612612,0.2919014777730867,0.10094780307764013,0.029245378564392865,173
173,random_mc2_n5_mid3_d1000_05_mr098_r10_125,GDCC_1e-05,V2,V4,1e-05,200,,0,58467.88811683655,3654.298782348633,True,1500,0.0,0.3332024784999999,0.002193552758612612,0.2919014777730867,0.10094780307764013,0.029245378564392865,174
174,random_mc2_n5_mid3_d1000_05_mr098_r10_125,GDCC_1e-05,V2,V4,1e-05,200,,0,58966.790199279785,3542.027473449707,True,1500,0.0,0.3332024784999999,0.002193552758612612,0.2919014777730867,0.10094780307764013,0.029245378564392865,175
175,random_mc2_n5_mid3_d1000_05_mr098_r10_125,GDCC_1e-05,V2,V4,1e-05,200,,0,59469.319105148315,3712.745428085327,True,1500,0.0,0.3332024784999999,0.002193552758612612,0.2919014777730867,0.10094780307764013,0.029245378564392865,176
176,random_mc2_n5_mid3_d1000_05_mr098_r10_125,GDCC_1e-05,V2,V4,1e-05,200,,0,59997.89381027222,3583.643913269043,True,1500,0.0,0.3332024784999999,0.002193552758612612,0.2919014777730867,0.10094780307764013,0.029245378564392865,177
177,random_mc2_n5_mid3_d1000_05_mr098_r10_125,GDCC_1e-05,V2,V4,1e-05,200,,0,60521.96025848389,3599.3733406066895,True,1500,0.0,0.3332024784999999,0.002193552758612612,0.2919014777730867,0.10094780307764013,0.029245378564392865,178
178,random_mc2_n5_mid3_d1000_05_mr098_r10_125,GDCC_1e-05,V2,V4,1e-05,200,,0,61040.82798957825,3778.0368328094482,True,1500,0.0,0.3332024784999999,0.002193552758612612,0.2919014777730867,0.10094780307764013,0.029245378564392865,179
179,random_mc2_n5_mid3_d1000_05_mr098_r10_125,GDCC_1e-05,V2,V4,1e-05,200,,0,61555.50694465637,3641.362190246582,True,1500,0.0,0.3332024784999999,0.002193552758612612,0.2919014777730867,0.10094780307764013,0.029245378564392865,180
180,random_mc2_n5_mid3_d1000_05_mr098_r10_125,GDCC_1e-05,V2,V4,1e-05,200,,0,62080.50203323364,3659.977674484253,True,1500,0.0,0.3332024784999999,0.002193552758612612,0.2919014777730867,0.10094780307764013,0.029245378564392865,181
181,random_mc2_n5_mid3_d1000_05_mr098_r10_125,GDCC_1e-05,V2,V4,1e-05,200,,0,62621.092319488525,3814.079523086548,True,1500,0.0,0.3332024784999999,0.002193552758612612,0.2919014777730867,0.10094780307764013,0.029245378564392865,182
182,random_mc2_n5_mid3_d1000_05_mr098_r10_125,GDCC_1e-05,V2,V4,1e-05,200,,0,63154.56032752991,3692.077398300171,True,1500,0.0,0.3332024784999999,0.002193552758612612,0.2919014777730867,0.10094780307764013,0.029245378564392865,183
183,random_mc2_n5_mid3_d1000_05_mr098_r10_125,GDCC_1e-05,V2,V4,1e-05,200,,0,63690.319299697876,3867.6700592041016,True,1500,0.0,0.3332024784999999,0.002193552758612612,0.2919014777730867,0.10094780307764013,0.029245378564392865,184
184,random_mc2_n5_mid3_d1000_05_mr098_r10_125,GDCC_1e-05,V2,V4,1e-05,200,,0,64225.18968582153,3750.40340423584,True,1500,0.0,0.3332024784999999,0.002193552758612612,0.2919014777730867,0.10094780307764013,0.029245378564392865,185
185,random_mc2_n5_mid3_d1000_05_mr098_r10_125,GDCC_1e-05,V2,V4,1e-05,200,,0,64753.05271148682,3769.970417022705,True,1500,0.0,0.3332024784999999,0.002193552758612612,0.2919014777730867,0.10094780307764013,0.029245378564392865,186
186,random_mc2_n5_mid3_d1000_05_mr098_r10_125,GDCC_1e-05,V2,V4,1e-05,200,,0,65290.56906700134,3917.3519611358643,True,1500,0.0,0.3332024784999999,0.002193552758612612,0.2919014777730867,0.10094780307764013,0.029245378564392865,187
187,random_mc2_n5_mid3_d1000_05_mr098_r10_125,GDCC_1e-05,V2,V4,1e-05,200,,0,65828.98712158203,3805.464029312134,True,1500,0.0,0.3332024784999999,0.002193552758612612,0.2919014777730867,0.10094780307764013,0.029245378564392865,188
188,random_mc2_n5_mid3_d1000_05_mr098_r10_125,GDCC_1e-05,V2,V4,1e-05,200,,0,66364.81761932373,3957.3333263397217,True,1500,0.0,0.3332024784999999,0.002193552758612612,0.2919014777730867,0.10094780307764013,0.029245378564392865,189
189,random_mc2_n5_mid3_d1000_05_mr098_r10_125,GDCC_1e-05,V2,V4,1e-05,200,,0,66905.846118927,3846.1315631866455,True,1500,0.0,0.3332024784999999,0.002193552758612612,0.2919014777730867,0.10094780307764013,0.029245378564392865,190
190,random_mc2_n5_mid3_d1000_05_mr098_r10_125,GDCC_1e-05,V2,V4,1e-05,200,,0,67453.95088195801,4027.742624282837,True,1500,0.0,0.3332024784999999,0.002193552758612612,0.2919014777730867,0.10094780307764013,0.029245378564392865,191
191,random_mc2_n5_mid3_d1000_05_mr098_r10_125,GDCC_1e-05,V2,V4,1e-05,200,,0,68004.79888916016,3886.666774749756,True,1500,0.0,0.3332024784999999,0.002193552758612612,0.2919014777730867,0.10094780307764013,0.029245378564392865,192
192,random_mc2_n5_mid3_d1000_05_mr098_r10_125,GDCC_1e-05,V2,V4,1e-05,200,,0,68546.58055305481,3907.49192237854,True,1500,0.0,0.3332024784999999,0.002193552758612612,0.2940726598797679,0.09494479286126475,0.027712401366148994,193
193,random_mc2_n5_mid3_d1000_05_mr098_r10_125,GDCC_1e-05,V2,V4,1e-05,200,,0,69093.13154220581,4075.563430786133,True,1500,0.0,0.3332024784999999,0.002193552758612612,0.2940726598797679,0.09494479286126475,0.027712401366148994,194
194,random_mc2_n5_mid3_d1000_05_mr098_r10_125,GDCC_1e-05,V2,V4,1e-05,200,,0,69650.55179595947,3953.627109527588,True,1500,0.0,0.3332024784999999,0.002193552758612612,0.2940726598797679,0.09494479286126475,0.027712401366148994,195
195,random_mc2_n5_mid3_d1000_05_mr098_r10_125,GDCC_1e-05,V2,V4,1e-05,200,,0,70203.51314544678,4103.469133377075,True,1500,0.0,0.3332024784999999,0.002193552758612612,0.2940726598797679,0.09494479286126475,0.027712401366148994,196
196,random_mc2_n5_mid3_d1000_05_mr098_r10_125,GDCC_1e-05,V2,V4,1e-05,200,,0,70757.71594047546,3982.388496398926,True,1500,0.0,0.3332024784999999,0.002193552758612612,0.2940726598797679,0.09494479286126475,0.027712401366148994,197
197,random_mc2_n5_mid3_d1000_05_mr098_r10_125,GDCC_1e-05,V2,V4,1e-05,200,,0,71315.74606895447,4007.150173187256,True,1500,0.0,0.3332024784999999,0.002193552758612612,0.29419689764870144,0.09460401953867073,0.02762469014533917,198
198,random_mc2_n5_mid3_d1000_05_mr098_r10_125,GDCC_1e-05,V2,V4,1e-05,200,,0,71870.52845954895,4168.386697769165,True,1500,0.0,0.3332024784999999,0.002193552758612612,0.29419689764870144,0.09460401953867073,0.02762469014533917,199
199,random_mc2_n5_mid3_d1000_05_mr098_r10_125,GDCC_1e-05,V2,V4,1e-05,200,,0,72427.48641967773,4038.6219024658203,True,1500,0.0,0.3332024784999999,0.002193552758612612,0.29419689764870144,0.09460401953867073,0.02762469014533917,200
